45
Achtheres.pimelodi.NY.1 0.0000000 1.2190255 1.2638262 1.2638262 1.2471374 1.2246730 1.2862778 1.1893765 1.2701664 1.2906844 1.2448466 1.2839870 1.2708836 1.2020234 1.2372233 1.2436962 1.2405515 1.2428562 1.2494124 1.2494124 1.2096808 1.2349845 1.2473897 1.2272974 1.3587392 1.3587392 1.3365931 1.3475108 1.3361718 1.3357493 1.3246727 1.3246727 1.1459978 1.1153384 1.1159057 1.1081732 1.2285354 1.2285354 1.2285354 1.1704216 1.1889272 1.2071634 1.2071634 1.1979596 1.1979596 
S.cal.RU.8              1.2190255 0.0000000 0.0161063 0.0161063 0.0228212 0.0159642 0.0131430 0.0187536 0.0235538 0.0164159 0.0222703 0.0175019 0.0176693 0.0181058 0.0193631 0.0144220 0.0177735 0.0177817 0.0143465 0.0143465 0.0110699 0.0193978 0.0127080 0.0160342 0.4313070 0.4313070 0.4275488 0.4446251 0.4405016 0.4365737 0.4365737 0.4365737 0.4135309 0.3888363 0.3891310 0.3841013 0.3976564 0.3976564 0.3976564 0.3930789 0.3783258 0.3927005 0.3927005 0.3879066 0.3882146 
S.cal.RU.14             1.2638262 0.0161063 0.0000000 0.0000010 0.0229561 0.0160378 0.0171667 0.0188484 0.0236740 0.0203763 0.0223853 0.0175924 0.0177614 0.0181939 0.0194560 0.0178818 0.0178575 0.0213238 0.0177854 0.0177854 0.0144339 0.0194910 0.0111142 0.0161096 0.4554552 0.4554552 0.4517015 0.4682751 0.4642623 0.4603931 0.4603931 0.4603931 0.4426008 0.4181878 0.4184712 0.4137278 0.4320540 0.4320540 0.4320540 0.4275541 0.4138176 0.4272713 0.4272713 0.4227450 0.4230374 
S.cal.RU.15             1.2638262 0.0161063 0.0000010 0.0000000 0.0229561 0.0160378 0.0171667 0.0188484 0.0236740 0.0203763 0.0223853 0.0175924 0.0177614 0.0181939 0.0194560 0.0178818 0.0178575 0.0213238 0.0177854 0.0177854 0.0144339 0.0194910 0.0111142 0.0161096 0.4554552 0.4554552 0.4517015 0.4682751 0.4642623 0.4603931 0.4603931 0.4603931 0.4426008 0.4181878 0.4184712 0.4137278 0.4320540 0.4320540 0.4320540 0.4275541 0.4138176 0.4272713 0.4272713 0.4227450 0.4230374 
S.cal.RU.13             1.2471374 0.0228212 0.0229561 0.0229561 0.0000000 0.0193293 0.0231058 0.0241897 0.0308540 0.0261875 0.0277832 0.0230689 0.0232913 0.0251428 0.0262769 0.0111152 0.0246743 0.0246869 0.0210905 0.0210905 0.0177024 0.0263261 0.0194000 0.0228486 0.4313190 0.4313190 0.4275508 0.4446717 0.4405375 0.4365993 0.4365993 0.4365993 0.4264241 0.4020803 0.4023668 0.3975209 0.4067126 0.4067126 0.4067126 0.4017956 0.3874080 0.3920147 0.3920147 0.3971958 0.3875115 
S.cal.RU.9              1.2246730 0.0159642 0.0160378 0.0160378 0.0193293 0.0000000 0.0054952 0.0082606 0.0164521 0.0125850 0.0150719 0.0102619 0.0103573 0.0112726 0.0159314 0.0110846 0.0143550 0.0177236 0.0142993 0.0142993 0.0110337 0.0159592 0.0094115 0.0126652 0.4355611 0.4355611 0.4318299 0.4487022 0.4446251 0.4407340 0.4407340 0.4407340 0.4261480 0.4019199 0.4022052 0.3973800 0.3968435 0.3968435 0.3968435 0.3922727 0.3873062 0.3918929 0.3918929 0.3871018 0.3874095 
S.cal.OR.1              1.2862778 0.0131430 0.0171667 0.0171667 0.0231058 0.0054952 0.0000000 0.0036540 0.0055037 0.0055199 0.0055037 0.0055037 0.0055199 0.0055037 0.0170305 0.0132078 0.0111853 0.0150897 0.0150897 0.0150897 0.0112110 0.0150787 0.0092885 0.0131476 0.4085834 0.4085834 0.4043328 0.4193381 0.4193381 0.4148483 0.4148483 0.4148483 0.3481951 0.3481951 0.3485283 0.3426544 0.3698795 0.3698795 0.3698795 0.3644111 0.3760631 0.3700234 0.3700234 0.3696589 0.3700234 
S.cal.NY.1              1.1893765 0.0187536 0.0188484 0.0188484 0.0241897 0.0082606 0.0036540 0.0000000 0.0049126 0.0055038 0.0049126 0.0051048 0.0051112 0.0049126 0.0187123 0.0152724 0.0134287 0.0169635 0.0169635 0.0169635 0.0134563 0.0187476 0.0117133 0.0152092 0.4111263 0.4111263 0.4162682 0.4341644 0.4298474 0.4257567 0.4257567 0.4257567 0.3837152 0.3837152 0.3840166 0.3788542 0.4045582 0.4045582 0.4045582 0.3901560 0.4002951 0.3996800 0.3996800 0.3947397 0.4000550 
S.cal.NY.4              1.2701664 0.0235538 0.0236740 0.0236740 0.0308540 0.0164521 0.0055037 0.0049126 0.0000000 0.0053217 0.0016120 0.0016774 0.0000010 0.0047669 0.0235024 0.0218866 0.0163890 0.0198710 0.0217626 0.0217626 0.0182592 0.0235470 0.0165135 0.0200123 0.4395517 0.4395517 0.4444222 0.4614220 0.4573115 0.4533609 0.4533609 0.4533609 0.4125807 0.4173426 0.4176290 0.4128332 0.4200181 0.4200181 0.4200181 0.4067116 0.4062634 0.4106343 0.4106343 0.4109614 0.4158245 
S.cal.NY.7              1.2906844 0.0164159 0.0203763 0.0203763 0.0261875 0.0125850 0.0055199 0.0055038 0.0053217 0.0000000 0.0054765 0.0000010 0.0000010 0.0000010 0.0202174 0.0184350 0.0143950 0.0181992 0.0183222 0.0183222 0.0145232 0.0183102 0.0126362 0.0164218 0.3944996 0.3944996 0.4000432 0.4146668 0.4146668 0.4102994 0.4102994 0.4102994 0.3886739 0.3619622 0.3622869 0.3566299 0.3709225 0.3709225 0.3709225 0.3659147 0.3709013 0.3652707 0.3652707 0.3707182 0.3710522 
S.cal.NY.5              1.2448466 0.0222703 0.0223853 0.0223853 0.0277832 0.0150719 0.0055037 0.0049126 0.0016120 0.0054765 0.0000000 0.0033835 0.0000010 0.0048908 0.0222209 0.0187559 0.0150964 0.0186486 0.0204537 0.0204537 0.0168985 0.0222636 0.0151292 0.0186773 0.4229311 0.4229311 0.4279429 0.4454083 0.4411904 0.4371708 0.4371708 0.4371708 0.3701924 0.3957702 0.3960659 0.3910438 0.4214280 0.4214280 0.4214280 0.4074732 0.4173100 0.4167087 0.4167087 0.4119365 0.4170327 
S.cal.NY.2              1.2839870 0.0175019 0.0175924 0.0175924 0.0230689 0.0102619 0.0055037 0.0051048 0.0016774 0.0000010 0.0033835 0.0000000 0.0000010 0.0000010 0.0174623 0.0139341 0.0120572 0.0156707 0.0156707 0.0156707 0.0120828 0.0174960 0.0103015 0.0138752 0.4270862 0.4270862 0.4323479 0.4462331 0.4462331 0.4420120 0.4420120 0.4420120 0.4214090 0.3996966 0.4000091 0.3947135 0.4280971 0.4280971 0.4280971 0.4231573 0.4332855 0.4326631 0.4326631 0.4277723 0.4280884 
S.cal.NY.3              1.2708836 0.0176693 0.0177614 0.0177614 0.0232913 0.0103573 0.0055199 0.0051112 0.0000010 0.0000010 0.0000010 0.0000010 0.0000000 0.0000010 0.0176290 0.0140659 0.0121700 0.0158198 0.0158198 0.0158198 0.0121961 0.0176634 0.0103976 0.0140058 0.4304048 0.4348382 0.4357197 0.4497393 0.4497393 0.4454695 0.4454695 0.4454695 0.4071995 0.4071995 0.4075129 0.4022267 0.4362342 0.4362342 0.4362342 0.4312425 0.4414134 0.4407867 0.4407867 0.4358869 0.4362035 
S.cal.NY.6              1.2020234 0.0181058 0.0181939 0.0181939 0.0251428 0.0112726 0.0055037 0.0049126 0.0047669 0.0000010 0.0048908 0.0000010 0.0000010 0.0000000 0.0180673 0.0164680 0.0128930 0.0162812 0.0163797 0.0163797 0.0129953 0.0181001 0.0113136 0.0146862 0.3972900 0.3972900 0.4024282 0.4202934 0.4159886 0.4119348 0.4119348 0.4119348 0.4109786 0.3860327 0.3863308 0.3812313 0.3932310 0.3932310 0.3932310 0.3795330 0.3840666 0.3834781 0.3834781 0.3838734 0.3889598 
S.cal.RU.10             1.2372233 0.0193631 0.0194560 0.0194560 0.0262769 0.0159314 0.0170305 0.0187123 0.0235024 0.0202174 0.0222209 0.0174623 0.0176290 0.0180673 0.0000000 0.0177604 0.0143729 0.0177456 0.0143170 0.0143170 0.0143376 0.0126743 0.0094231 0.0094307 0.4269940 0.4269940 0.4232134 0.4404656 0.4363027 0.4323441 0.4323441 0.4323441 0.3999410 0.3747388 0.3849818 0.3799066 0.4160985 0.4160985 0.4160985 0.4116634 0.4070380 0.4113427 0.4113427 0.4067969 0.4070900 
S.cal.RU.11             1.2436962 0.0144220 0.0178818 0.0178818 0.0111152 0.0110846 0.0132078 0.0152724 0.0218866 0.0184350 0.0187559 0.0139341 0.0140659 0.0164680 0.0177604 0.0000000 0.0161655 0.0161740 0.0127585 0.0127585 0.0094920 0.0177911 0.0111242 0.0144383 0.4298926 0.4298926 0.4260100 0.4436418 0.4393921 0.4353428 0.4353428 0.4353428 0.4024173 0.3780473 0.3783404 0.3732995 0.3818643 0.3818643 0.3818643 0.3767805 0.3617552 0.3665979 0.3665979 0.3615996 0.3619174 
S.cal.RU.6              1.2405515 0.0177735 0.0178575 0.0178575 0.0246743 0.0143550 0.0111853 0.0134287 0.0163890 0.0143950 0.0150964 0.0120572 0.0121700 0.0128930 0.0143729 0.0161655 0.0000000 0.0062171 0.0094659 0.0094659 0.0127596 0.0143980 0.0078605 0.0111083 0.4239778 0.4239778 0.4202958 0.4371805 0.4331014 0.4292323 0.4292323 0.4292323 0.4061114 0.3913500 0.4007710 0.3960960 0.3999824 0.3999824 0.3999824 0.3955915 0.3858285 0.3902829 0.3902829 0.3906548 0.3909490 
S.cal.RU.1              1.2428562 0.0177817 0.0213238 0.0213238 0.0246869 0.0177236 0.0150897 0.0169635 0.0198710 0.0181992 0.0186486 0.0156707 0.0158198 0.0162812 0.0177456 0.0161740 0.0062171 0.0000000 0.0031038 0.0031038 0.0127663 0.0177772 0.0111151 0.0144263 0.4242432 0.4242432 0.4205530 0.4374701 0.4333831 0.4295060 0.4295060 0.4295060 0.4063424 0.3915470 0.4009842 0.3963011 0.4002035 0.4002035 0.4002035 0.3958035 0.3860241 0.3904860 0.3904860 0.3908582 0.3911530 
S.cal.RU.2              1.2494124 0.0143465 0.0177854 0.0177854 0.0210905 0.0142993 0.0150897 0.0169635 0.0217626 0.0183222 0.0204537 0.0156707 0.0158198 0.0163797 0.0143170 0.0127585 0.0094659 0.0031038 0.0000000 0.0000010 0.0094439 0.0143419 0.0078316 0.0110662 0.4355841 0.4355841 0.4318431 0.4487593 0.4446717 0.4407704 0.4407704 0.4407704 0.4266990 0.4024173 0.4118653 0.4071771 0.4160985 0.4160985 0.4160985 0.4116634 0.4070380 0.4113427 0.4113427 0.4067969 0.4070900 
S.cal.RU.3              1.2494124 0.0143465 0.0177854 0.0177854 0.0210905 0.0142993 0.0150897 0.0169635 0.0217626 0.0183222 0.0204537 0.0156707 0.0158198 0.0163797 0.0143170 0.0127585 0.0094659 0.0031038 0.0000010 0.0000000 0.0094439 0.0143419 0.0078316 0.0110662 0.4355841 0.4355841 0.4318431 0.4487593 0.4446717 0.4407704 0.4407704 0.4407704 0.4266990 0.4024173 0.4118653 0.4071771 0.4160985 0.4160985 0.4160985 0.4116634 0.4070380 0.4113427 0.4113427 0.4067969 0.4070900 
S.cal.RU.12             1.2096808 0.0110699 0.0144339 0.0144339 0.0177024 0.0110337 0.0112110 0.0134563 0.0182592 0.0145232 0.0168985 0.0120828 0.0121961 0.0129953 0.0143376 0.0094920 0.0127596 0.0127663 0.0094439 0.0094439 0.0000000 0.0143626 0.0078426 0.0110819 0.4272737 0.4272737 0.4234846 0.4407704 0.4365993 0.4326325 0.4326325 0.4326325 0.4092916 0.3843835 0.3846820 0.3795701 0.3980206 0.3980206 0.3980206 0.3934554 0.3885065 0.3930789 0.3930789 0.3882998 0.3886068 
S.cal.RU.4              1.2349845 0.0193978 0.0194910 0.0194910 0.0263261 0.0159592 0.0150787 0.0187476 0.0235470 0.0183102 0.0222636 0.0174960 0.0176634 0.0181001 0.0126743 0.0177911 0.0143980 0.0177772 0.0143419 0.0143419 0.0143626 0.0000000 0.0094390 0.0062393 0.4397960 0.4397960 0.4360816 0.4528028 0.4487593 0.4448927 0.4448927 0.4448927 0.4041750 0.3790845 0.3892106 0.3841921 0.4116328 0.4116328 0.4116328 0.3975597 0.3926858 0.3971958 0.3971958 0.3924715 0.3927753 
S.cal.RU.7              1.2473897 0.0127080 0.0111142 0.0111142 0.0194000 0.0094115 0.0092885 0.0117133 0.0165135 0.0126362 0.0151292 0.0103015 0.0103976 0.0113136 0.0094231 0.0111242 0.0078605 0.0111151 0.0078316 0.0078316 0.0078426 0.0094390 0.0000000 0.0062430 0.4226373 0.4226373 0.4188238 0.4363027 0.4320877 0.4280885 0.4280885 0.4280885 0.4226381 0.3982929 0.4078277 0.4030975 0.4023910 0.4023910 0.4023910 0.3978591 0.3929903 0.3974961 0.3974961 0.3927753 0.3930789 
S.cal.RU.5              1.2272974 0.0160342 0.0161096 0.0161096 0.0228486 0.0126652 0.0131476 0.0152092 0.0200123 0.0164218 0.0186773 0.0138752 0.0140058 0.0146862 0.0094307 0.0144383 0.0111083 0.0144263 0.0110662 0.0110662 0.0110819 0.0062393 0.0062430 0.0000000 0.4226263 0.4226263 0.4188029 0.4363275 0.4321015 0.4280918 0.4280918 0.4280918 0.4138086 0.3891159 0.3989262 0.3940613 0.4118835 0.4118835 0.4118835 0.3977831 0.3929011 0.3974190 0.3974190 0.3926858 0.3929903 
S.edw.RU.7              1.3587392 0.4313070 0.4554552 0.4554552 0.4313190 0.4355611 0.4085834 0.4111263 0.4395517 0.3944996 0.4229311 0.4270862 0.4304048 0.3972900 0.4269940 0.4298926 0.4239778 0.4242432 0.4355841 0.4355841 0.4272737 0.4397960 0.4226373 0.4226263 0.0000000 0.0061267 0.0258873 0.0329907 0.0347820 0.0311964 0.0330068 0.0330068 0.1738427 0.1626884 0.1689504 0.1658127 0.1938533 0.1938533 0.1972081 0.1768378 0.1768378 0.1798920 0.1798920 0.1869676 0.1803034 
S.edw.RU.8              1.3587392 0.4313070 0.4554552 0.4554552 0.4313190 0.4355611 0.4085834 0.4111263 0.4395517 0.3944996 0.4229311 0.4270862 0.4348382 0.3972900 0.4269940 0.4298926 0.4239778 0.4242432 0.4355841 0.4355841 0.4272737 0.4397960 0.4226373 0.4226263 0.0061267 0.0000000 0.0293904 0.0366261 0.0384474 0.0347988 0.0366437 0.0366437 0.1707744 0.1597032 0.1659414 0.1628151 0.1938533 0.1938533 0.1972081 0.1768378 0.1768378 0.1798920 0.1798920 0.1869676 0.1803034 
S.edw.RU.9              1.3365931 0.4275488 0.4517015 0.4517015 0.4275508 0.4318299 0.4043328 0.4162682 0.4444222 0.4000432 0.4279429 0.4323479 0.4357197 0.4024282 0.4232134 0.4260100 0.4202958 0.4205530 0.4318431 0.4318431 0.4234846 0.4360816 0.4188238 0.4188029 0.0258873 0.0293904 0.0000000 0.0093215 0.0109190 0.0109277 0.0093264 0.0093264 0.1620698 0.1512244 0.1573985 0.1543028 0.1768779 0.1768779 0.1801943 0.1668225 0.1668225 0.1698515 0.1698515 0.1768408 0.1702425 
S.edw.RU.1              1.3475108 0.4446251 0.4682751 0.4682751 0.4446717 0.4487022 0.4193381 0.4341644 0.4614220 0.4146668 0.4454083 0.4462331 0.4497393 0.4202934 0.4404656 0.4436418 0.4371805 0.4374701 0.4487593 0.4487593 0.4407704 0.4528028 0.4363027 0.4363275 0.0329907 0.0366261 0.0093215 0.0000000 0.0045955 0.0045991 0.0030531 0.0030531 0.1652121 0.1542675 0.1604753 0.1573633 0.1803070 0.1803070 0.1768408 0.1702050 0.1702050 0.1732452 0.1732452 0.1802701 0.1736435 
S.edw.RU.3              1.3361718 0.4405016 0.4642623 0.4642623 0.4405375 0.4446251 0.4193381 0.4298474 0.4573115 0.4146668 0.4411904 0.4462331 0.4497393 0.4159886 0.4363027 0.4393921 0.4331014 0.4333831 0.4446717 0.4446717 0.4365993 0.4487593 0.4320877 0.4321015 0.0347820 0.0384474 0.0109190 0.0045955 0.0000000 0.0030531 0.0015201 0.0015201 0.1621629 0.1513083 0.1574870 0.1543891 0.1705996 0.1705996 0.1671715 0.1606101 0.1606101 0.1636245 0.1636245 0.1705621 0.1640027 
S.edw.RU.4              1.3357493 0.4365737 0.4603931 0.4603931 0.4365993 0.4407340 0.4148483 0.4257567 0.4533609 0.4102994 0.4371708 0.4420120 0.4454695 0.4119348 0.4323441 0.4353428 0.4292323 0.4295060 0.4407704 0.4407704 0.4326325 0.4448927 0.4280885 0.4280918 0.0311964 0.0347988 0.0109277 0.0045991 0.0030531 0.0000000 0.0015212 0.0015212 0.1561892 0.1455122 0.1516319 0.1485625 0.1772468 0.1772468 0.1737891 0.1671698 0.1671698 0.1702050 0.1702050 0.1772097 0.1705974 
S.edw.RU.2              1.3246727 0.4365737 0.4603931 0.4603931 0.4365993 0.4407340 0.4148483 0.4257567 0.4533609 0.4102994 0.4371708 0.4420120 0.4454695 0.4119348 0.4323441 0.4353428 0.4292323 0.4295060 0.4407704 0.4407704 0.4326325 0.4448927 0.4280885 0.4280918 0.0330068 0.0366437 0.0093264 0.0030531 0.0015201 0.0015212 0.0000000 0.0000010 0.1593432 0.1485625 0.1547192 0.1516319 0.1739348 0.1739348 0.1704915 0.1639005 0.1639005 0.1669256 0.1669256 0.1738974 0.1673110 
S.edw.RU.5              1.3246727 0.4365737 0.4603931 0.4603931 0.4365993 0.4407340 0.4148483 0.4257567 0.4533609 0.4102994 0.4371708 0.4420120 0.4454695 0.4119348 0.4323441 0.4353428 0.4292323 0.4295060 0.4407704 0.4407704 0.4326325 0.4448927 0.4280885 0.4280918 0.0330068 0.0366437 0.0093264 0.0030531 0.0015201 0.0015212 0.0000010 0.0000000 0.1593432 0.1485625 0.1547192 0.1516319 0.1739348 0.1739348 0.1704915 0.1639005 0.1639005 0.1669256 0.1669256 0.1738974 0.1673110 
S.sis.LM.2              1.1459978 0.4135309 0.4426008 0.4426008 0.4264241 0.4261480 0.3481951 0.3837152 0.4125807 0.3886739 0.3701924 0.4214090 0.4071995 0.4109786 0.3999410 0.4024173 0.4061114 0.4063424 0.4266990 0.4266990 0.4092916 0.4041750 0.4226381 0.4138086 0.1738427 0.1707744 0.1620698 0.1652121 0.1621629 0.1561892 0.1593432 0.1593432 0.0000000 0.0046490 0.0078256 0.0062294 0.1634043 0.1634043 0.1602679 0.1398485 0.1424982 0.1423071 0.1423071 0.1484879 0.1455419 
S.sis.LM.3              1.1153384 0.3888363 0.4181878 0.4181878 0.4020803 0.4019199 0.3481951 0.3837152 0.4173426 0.3619622 0.3957702 0.3996966 0.4071995 0.3860327 0.3747388 0.3780473 0.3913500 0.3915470 0.4024173 0.4024173 0.3843835 0.3790845 0.3982929 0.3891159 0.1626884 0.1597032 0.1512244 0.1542675 0.1513083 0.1455122 0.1485625 0.1485625 0.0046490 0.0000000 0.0030737 0.0015294 0.1586289 0.1586289 0.1555588 0.1355597 0.1381599 0.1379777 0.1379777 0.1440188 0.1411358 
S.sis.LM.4              1.1159057 0.3891310 0.4184712 0.4184712 0.4023668 0.4022052 0.3485283 0.3840166 0.4176290 0.3622869 0.3960659 0.4000091 0.4075129 0.3863308 0.3849818 0.3783404 0.4007710 0.4009842 0.4118653 0.4118653 0.3846820 0.3892106 0.4078277 0.3989262 0.1689504 0.1659414 0.1573985 0.1604753 0.1574870 0.1516319 0.1547192 0.1547192 0.0078256 0.0030737 0.0000000 0.0015303 0.1587522 0.1587522 0.1556799 0.1356668 0.1382688 0.1380864 0.1380864 0.1441322 0.1412470 
S.sis.LM.1              1.1081732 0.3841013 0.4137278 0.4137278 0.3975209 0.3973800 0.3426544 0.3788542 0.4128332 0.3566299 0.3910438 0.3947135 0.4022267 0.3812313 0.3799066 0.3732995 0.3960960 0.3963011 0.4071771 0.4071771 0.3795701 0.3841921 0.4030975 0.3940613 0.1658127 0.1628151 0.1543028 0.1573633 0.1543891 0.1485625 0.1516319 0.1516319 0.0062294 0.0015294 0.0015303 0.0000000 0.1556799 0.1556799 0.1526238 0.1327224 0.1353119 0.1351340 0.1351340 0.1411358 0.1382688 
S.edw.NY.1              1.2285354 0.3976564 0.4320540 0.4320540 0.4067126 0.3968435 0.3698795 0.4045582 0.4200181 0.3709225 0.4214280 0.4280971 0.4362342 0.3932310 0.4160985 0.3818643 0.3999824 0.4002035 0.4160985 0.4160985 0.3980206 0.4116328 0.4023910 0.4118835 0.1938533 0.1938533 0.1768779 0.1803070 0.1705996 0.1772468 0.1739348 0.1739348 0.1634043 0.1586289 0.1587522 0.1556799 0.0000000 0.0000010 0.0015145 0.0190795 0.0190952 0.0174041 0.0174041 0.0174183 0.0124948 
S.edw.NY.2              1.2285354 0.3976564 0.4320540 0.4320540 0.4067126 0.3968435 0.3698795 0.4045582 0.4200181 0.3709225 0.4214280 0.4280971 0.4362342 0.3932310 0.4160985 0.3818643 0.3999824 0.4002035 0.4160985 0.4160985 0.3980206 0.4116328 0.4023910 0.4118835 0.1938533 0.1938533 0.1768779 0.1803070 0.1705996 0.1772468 0.1739348 0.1739348 0.1634043 0.1586289 0.1587522 0.1556799 0.0000010 0.0000000 0.0015145 0.0190795 0.0190952 0.0174041 0.0174041 0.0174183 0.0124948 
S.edw.NY.4              1.2285354 0.3976564 0.4320540 0.4320540 0.4067126 0.3968435 0.3698795 0.4045582 0.4200181 0.3709225 0.4214280 0.4280971 0.4362342 0.3932310 0.4160985 0.3818643 0.3999824 0.4002035 0.4160985 0.4160985 0.3980206 0.4116328 0.4023910 0.4118835 0.1972081 0.1972081 0.1801943 0.1768408 0.1671715 0.1737891 0.1704915 0.1704915 0.1602679 0.1555588 0.1556799 0.1526238 0.0015145 0.0015145 0.0000000 0.0207606 0.0207780 0.0190698 0.0190698 0.0190856 0.0141178 
S.edw.WI.1              1.1704216 0.3930789 0.4275541 0.4275541 0.4017956 0.3922727 0.3644111 0.3901560 0.4067116 0.3659147 0.4074732 0.4231573 0.4312425 0.3795330 0.4116634 0.3767805 0.3955915 0.3958035 0.4116634 0.4116634 0.3934554 0.3975597 0.3978591 0.3977831 0.1768378 0.1768378 0.1668225 0.1702050 0.1606101 0.1671698 0.1639005 0.1639005 0.1398485 0.1355597 0.1356668 0.1327224 0.0190795 0.0190795 0.0207606 0.0000000 0.0092860 0.0076952 0.0076952 0.0077012 0.0061347 
S.edw.WI.6              1.1889272 0.3783258 0.4138176 0.4138176 0.3874080 0.3873062 0.3760631 0.4002951 0.4062634 0.3709013 0.4173100 0.4332855 0.4414134 0.3840666 0.4070380 0.3617552 0.3858285 0.3860241 0.4070380 0.4070380 0.3885065 0.3926858 0.3929903 0.3929011 0.1768378 0.1768378 0.1668225 0.1702050 0.1606101 0.1671698 0.1639005 0.1639005 0.1424982 0.1381599 0.1382688 0.1353119 0.0190952 0.0190952 0.0207780 0.0092860 0.0000000 0.0045788 0.0045788 0.0077072 0.0061394 
S.edw.WI.2              1.2071634 0.3927005 0.4272713 0.4272713 0.3920147 0.3918929 0.3700234 0.3996800 0.4106343 0.3652707 0.4167087 0.4326631 0.4407867 0.3834781 0.4113427 0.3665979 0.3902829 0.3904860 0.4113427 0.4113427 0.3930789 0.3971958 0.3974961 0.3974190 0.1798920 0.1798920 0.1698515 0.1732452 0.1636245 0.1702050 0.1669256 0.1669256 0.1423071 0.1379777 0.1380864 0.1351340 0.0174041 0.0174041 0.0190698 0.0076952 0.0045788 0.0000000 0.0000010 0.0061315 0.0045791 
S.edw.WI.3              1.2071634 0.3927005 0.4272713 0.4272713 0.3920147 0.3918929 0.3700234 0.3996800 0.4106343 0.3652707 0.4167087 0.4326631 0.4407867 0.3834781 0.4113427 0.3665979 0.3902829 0.3904860 0.4113427 0.4113427 0.3930789 0.3971958 0.3974961 0.3974190 0.1798920 0.1798920 0.1698515 0.1732452 0.1636245 0.1702050 0.1669256 0.1669256 0.1423071 0.1379777 0.1380864 0.1351340 0.0174041 0.0174041 0.0190698 0.0076952 0.0045788 0.0000010 0.0000000 0.0061315 0.0045791 
S.edw.WI.4              1.1979596 0.3879066 0.4227450 0.4227450 0.3971958 0.3871018 0.3696589 0.3947397 0.4109614 0.3707182 0.4119365 0.4277723 0.4358869 0.3838734 0.4067969 0.3615996 0.3906548 0.3908582 0.4067969 0.4067969 0.3882998 0.3924715 0.3927753 0.3926858 0.1869676 0.1869676 0.1768408 0.1802701 0.1705621 0.1772097 0.1738974 0.1738974 0.1484879 0.1440188 0.1441322 0.1411358 0.0174183 0.0174183 0.0190856 0.0077012 0.0077072 0.0061315 0.0061315 0.0000000 0.0045826 
S.edw.WI.7              1.1979596 0.3882146 0.4230374 0.4230374 0.3875115 0.3874095 0.3700234 0.4000550 0.4158245 0.3710522 0.4170327 0.4280884 0.4362035 0.3889598 0.4070900 0.3619174 0.3909490 0.3911530 0.4070900 0.4070900 0.3886068 0.3927753 0.3930789 0.3929903 0.1803034 0.1803034 0.1702425 0.1736435 0.1640027 0.1705974 0.1673110 0.1673110 0.1455419 0.1411358 0.1412470 0.1382688 0.0124948 0.0124948 0.0141178 0.0061347 0.0061394 0.0045791 0.0045791 0.0045826 0.0000000 
