19
S.sp.NU.3               0.0000000 0.0023073 0.0023116 2.8580416 2.7345496 2.7345496 2.7184573 2.7184573 3.0648548 2.9966214 2.9725178 2.7717584 2.4607302 2.4607302 2.4062763 2.6113340 2.4794449 2.4858041 2.4312008 
S.sp.NU.1               0.0023073 0.0000000 0.0000010 2.9753220 2.7107275 2.7107275 2.6962584 2.6962584 3.0360694 2.9699793 2.9450727 2.7472572 2.4027772 2.4027772 2.3504664 2.5919188 2.4635309 2.4697174 2.4164835 
S.sp.NU.2               0.0023116 0.0000010 0.0000000 2.9102048 2.7648779 2.7648779 2.7467434 2.7467434 3.0998730 3.0293228 3.0063516 2.8027995 2.4075065 2.4075065 2.3542730 2.5549660 2.4261774 2.4323590 2.3789460 
Achtheres.pimelodi.NY.1 2.8580416 2.9753220 2.9102048 0.0000000 0.5654275 0.5214518 0.5284630 0.5284630 0.5458707 0.5564875 0.5623967 0.5567193 0.5297115 0.5297115 0.5297115 0.4944816 0.4805204 0.4808355 0.4760611 
S.cal.OR.1              2.7345496 2.7107275 2.7648779 0.5654275 0.0000000 0.0036638 0.0055062 0.0055062 0.0055062 0.0055062 0.0055062 0.0055233 0.2011009 0.2011009 0.2011009 0.2038525 0.2038525 0.2040015 0.2004984 
S.cal.NY.1              2.7345496 2.7107275 2.7648779 0.5214518 0.0036638 0.0000000 0.0049107 0.0049107 0.0049107 0.0049107 0.0051081 0.0051151 0.2156103 0.2156103 0.2156103 0.2133909 0.2133909 0.2135319 0.2103129 
S.cal.NY.7              2.7184573 2.6962584 2.7467434 0.5284630 0.0055062 0.0049107 0.0000000 0.0000010 0.0048769 0.0063765 0.0000010 0.0000010 0.2158652 0.2158652 0.2158652 0.2213796 0.2108747 0.2110100 0.2078980 
S.cal.NY.6              2.7184573 2.6962584 2.7467434 0.5284630 0.0055062 0.0049107 0.0000010 0.0000000 0.0048769 0.0063765 0.0000010 0.0000010 0.2158652 0.2158652 0.2158652 0.2213796 0.2108747 0.2110100 0.2078980 
S.cal.NY.5              3.0648548 3.0360694 3.0998730 0.5458707 0.0055062 0.0049107 0.0048769 0.0048769 0.0000000 0.0000010 0.0033835 0.0000010 0.2228927 0.2228927 0.2228927 0.2068822 0.2177091 0.2178517 0.2146357 
S.cal.NY.4              2.9966214 2.9699793 3.0293228 0.5564875 0.0055062 0.0049107 0.0063765 0.0063765 0.0000010 0.0000000 0.0033835 0.0000010 0.2255771 0.2255771 0.2255771 0.2158434 0.2267660 0.2269127 0.2236872 
S.cal.NY.2              2.9725178 2.9450727 3.0063516 0.5623967 0.0055062 0.0051081 0.0000010 0.0000010 0.0033835 0.0033835 0.0000000 0.0000010 0.2232371 0.2232371 0.2232371 0.2254525 0.2173116 0.2174609 0.2140916 
S.cal.NY.3              2.7717584 2.7472572 2.8027995 0.5567193 0.0055233 0.0051151 0.0000010 0.0000010 0.0000010 0.0000010 0.0000010 0.0000000 0.2263807 0.2263807 0.2263807 0.2203215 0.2203215 0.2204743 0.2170540 
S.edw.NY.1              2.4607302 2.4027772 2.4075065 0.5297115 0.2011009 0.2156103 0.2158652 0.2158652 0.2228927 0.2255771 0.2232371 0.2263807 0.0000000 0.0000010 0.0015211 0.1349485 0.1321613 0.1322324 0.1299695 
S.edw.NY.2              2.4607302 2.4027772 2.4075065 0.5297115 0.2011009 0.2156103 0.2158652 0.2158652 0.2228927 0.2255771 0.2232371 0.2263807 0.0000010 0.0000000 0.0015211 0.1349485 0.1321613 0.1322324 0.1299695 
S.edw.NY.4              2.4062763 2.3504664 2.3542730 0.5297115 0.2011009 0.2156103 0.2158652 0.2158652 0.2228927 0.2255771 0.2232371 0.2263807 0.0015211 0.0015211 0.0000000 0.1326648 0.1298997 0.1299695 0.1277171 
S.sis.LM.2              2.6113340 2.5919188 2.5549660 0.4944816 0.2038525 0.2133909 0.2213796 0.2213796 0.2068822 0.2158434 0.2254525 0.2203215 0.1349485 0.1349485 0.1326648 0.0000000 0.0046323 0.0077669 0.0061949 
S.sis.LM.3              2.4794449 2.4635309 2.4261774 0.4805204 0.2038525 0.2133909 0.2108747 0.2108747 0.2177091 0.2267660 0.2173116 0.2203215 0.1321613 0.1321613 0.1298997 0.0046323 0.0000000 0.0030729 0.0015319 
S.sis.LM.4              2.4858041 2.4697174 2.4323590 0.4808355 0.2040015 0.2135319 0.2110100 0.2110100 0.2178517 0.2269127 0.2174609 0.2204743 0.1322324 0.1322324 0.1299695 0.0077669 0.0030729 0.0000000 0.0015326 
S.sis.LM.1              2.4312008 2.4164835 2.3789460 0.4760611 0.2004984 0.2103129 0.2078980 0.2078980 0.2146357 0.2236872 0.2140916 0.2170540 0.1299695 0.1299695 0.1277171 0.0061949 0.0015319 0.0015326 0.0000000 
